0.03994050683507956 0.0009503255443166389
0.041220838279289906 0.0009503098499599899
0.04254221198202245 0.0009502941558625296
0.04390594359243375 0.0009502784620242529
0.04531339093408206 0.0009502627684451544
0.04676595535686865 0.0009502470751252321
0.04826508313231655 0.0009502313820644804
0.0498122668935766 0.0009502156892628942
0.05140904712159389 0.000950199996720471
0.053057013678915035 0.0009501843044372059
0.05475780739266307 0.0009501686124130933
0.05651312168825595 0.000950152920648131
0.05832470427549569 0.0009501372291423138
0.060194358888706556 0.0009501215378956364
0.06212453573118767 0.0009477973924837263
0.06411599760426909 0.0009477817398787881
0.06617129770721024 0.0009477660875323473
0.06829248243600129 0.0009477504354444016
0.07048166378582833 0.0009477347836149457
0.07274102145391882 0.0009477191320439752
0.07507280500979575 0.0009477034807314852
0.07747933613510169 0.0009476878296774729
0.07996301093522185 0.0009476721788819325
0.08252630232500915 0.0009476565283448614
0.08517176249098574 0.0009476408780662546
0.0879020254324727 0.0009476252280461077
0.0907198095841782 0.0009476095782844154
0.09362792052285521 0.0009475939287811755
0.09662925376072373 0.0009475782795363817
0.09972679762843888 0.0009475626305500318
0.10292363625047529 0.0009475469818221203
0.10622295261589039 0.0009475313333526422
0.10962803174752378 0.0009475156851415952
0.11314226397278856 0.0009475000371889738
0.1167691482993108 0.000947484389494773
0.12051229589877893 0.0009474687420589905
0.12437543370247028 0.0009474530948816208
0.12836240811203664 0.0009474374479626589
0.13247718882924217 0.0009474218013021024
0.13672387280846748 0.000947406154899946
0.14110668833591467 0.0009473905087561846
0.14562999923957562 0.0009473748628708158
0.15029830923415474 0.0009473592172438343
0.15511626640527224 0.0009473435718752349
0.16008866783741305 0.0009473279267650153
0.16522046439022905 0.0009473122819131703
0.17051676562795032 0.0009472966373196947
0.17598284490681323 0.0009472809929845859
0.18162414462557103 0.0009472653489078389
0.18744628164431534 0.0009472497050894485
0.19345505287700138 0.0009472340615294122
0.19965644106324887 0.000947218418227725
0.2060558397437307 0.000948124904255841
0.21265994927947188 0.0009494941004748704
0.21947696893099888 0.0009494784198492805
0.22651251471820283 0.0009494627394826525
0.23377359170699455 0.0009494470593749814
0.24126742951742453 0.0009494313795262618
0.24900148952198248 0.0009494156999364914
0.2569834722746451 0.0009494000206056649
0.26522132517806907 0.0009493843415337773
0.2737232503965637 0.000949368662720826
0.28249771302272064 0.0009493529841668059
0.2915534495058348 0.0009493373058717116
0.3008994763505032 0.000949321627835541
0.3105450990940687 0.0009493059500582877
0.32049992157184315 0.0009492902725399494
0.33077197496712335 0.0009506611516784341
0.34137389559073306 0.0009515709323952011
0.35231696485528025 0.0009515552174713224
0.3636108247528413 0.0009515395028069711
0.37526672021527535 0.0009515237884021421
0.3872962566415711 0.000951508074256833
0.3997114114529679 0.0009514923603710376
0.4125245460184876 0.0009514766467447535
0.42574519068494876 0.0009533143841539875
0.43939203045814884 0.0009537625593409441
0.45347716551299244 0.0009537468082229684
0.468013813148313 0.0009537310573651169
0.4830137009948083 0.0009551083494833312
0.49849528137528604 0.0009560223861590164
0.5144750281063591 0.0009560065977206421
0.5309650085871878 0.0009569214940179955
0.5479824883184907 0.000958303393476216
0.5655485951675551 0.0009582875673676532
0.5836733760817832 0.0009601384597856443
0.6023824471824017 0.000960589843128716
0.621692397147549 0.0009605739792600862
0.6416189143427107 0.000961493246531938
0.6621828624249029 0.0009628817481015768
0.6834097723407069 0.0009628658463827869
0.7053144580701298 0.0009637873069666406
0.7279198544715622 0.0009651791214108378
0.7512540270295931 0.0009651631817515786
0.7753317910465727 0.0009665569831096791
0.8001827661222389 0.0009674819761035931
0.8258333959655665 0.0009674659984133432
0.8523062814724943 0.0009674500209869604
0.8796311147573694 0.0009664931350343359
0.9078250972059789 0.0009674180669257775
0.9369263057258286 0.0009674020902909696
0.9669603815346771 0.0009673861139200103
0.99795722859264 0.0009673701378128972
1.0299477094600975 0.000967354161969625
1.062953604128215 0.0009696942343535435
1.097027606461775 0.0009696782201284766
1.1321938837831786 0.000969662206167879
1.1684874500199767 0.0009696461924717484
1.205944441504916 0.0009696301790400795
1.2446021529557214 0.0009696141658728669
1.2844917719869577 0.0009710143949395968
1.3256724182972246 0.0009700539835341941
1.36817071822185 0.000969566127957931
1.41202874933849 0.0009695501158485048
1.457295453588594 0.0009690625136753144
1.5040275653187343 0.0009662218277636627
1.552270034923048 0.0009615164300334648
1.6020750870735196 0.0009545091455270266
1.653496950175907 0.0009447908980173113
1.7065994875969435 0.0009309346799801336
1.744049828767317 0.0009141465756181234
1.790339310414857 0.0009021416016978108
1.823067759258668 0.0008825966639339366
1.867073065393342 0.0008710070858628258
1.8936752151198823 0.0008524346342772356
1.943970168224179 0.0008374481432817452
1.976235434832605 0.0008195902751788594
2.024787652328088 0.0008028071060297598
2.0767674214962986 0.0007813616956317152
2.1330623961697124 0.0007612598202630068
2.1869693934851 0.0007483967308978578
2.2318928666999835 0.0007318850378983254
2.2919252250423106 0.0007206437883632373
2.333352297506943 0.0007089129151492367
2.4021200608091355 0.0007058048265310062
2.4791317309313627 0.0007051067287387159
2.5585251096662196 0.0007106052741617051
2.640436016099604 0.0007178909444167761
2.7192338239901135 0.0007258993011243289
2.812182243905256 0.0007344716777405939
2.9022304559635144 0.0007409198213337213
2.9993204546462517 0.0007502982732326638
3.0865368907182025 0.0007666874527721198
3.189721405043363 0.0007808537306756179
3.283228215536292 0.0007718309820801666
3.3377136873429967 0.0007558537597626945
3.4117232658294894 0.0007352911920187517
3.441841648219196 0.0007144234437626712
3.5080184783500328 0.0006940034991993651
3.5498980026400964 0.0006681444168813026
3.5722732299638826 0.0006473808411765745
3.621928431326701 0.0006258810029697445
3.649864415933159 0.0006083371116674875
3.692044228012257 0.0005881789331417235
3.7120592224340916 0.000566297666083655
3.7445799754039966 0.0005521926520408861
3.779785658437214 0.000537871487232831
3.8087164714790545 0.0005225766096923399
3.8610922509780865 0.0005047463310764184
3.9107161052279484 0.00048577003717216227
3.9554951434282466 0.0004654428747187095
3.9824679484073346 0.00044961352008578923
4.041352742120511 0.00043783993807253044
4.1411581904532175 0.00043167019634770377
4.279766849494672 0.0004352478251751067
4.398683485060014 0.0004396501457850046
4.444558410079141 0.0004287240548765989
4.500501881536462 0.00041811261840204165
4.553342576971675 0.0004071692761895016
4.618903241558903 0.0003971634298190969
4.76314899610899 0.000410113449594265
4.7146066156849 0.0003972799528425185
4.799417342024496 0.00043061431708369145
4.7433962536409275 0.00042065157910370306
4.824239906459674 0.0004518831210011173
4.757485017222791 0.0004416227417182439
4.8471242829998 0.0004727468011580983
4.884723785276023 0.0004927050182146523
4.90709552937436 0.0005138190594846563
4.950814763445508 0.0005333287077798304
4.968086503247472 0.0005505015954225324
5.009539532558216 0.000565520554162341
5.030071462092051 0.0005827434117684278
5.061338965048509 0.0006000034005847123
5.125034034133057 0.0006179872894170237
5.189528340429204 0.0006365839465030089
5.288218262717965 0.0006519887624322079
5.4542746927414525 0.0007673473926842047
5.454912622808907 0.0007446497117083757
5.45542951901082 0.0007267536373409293
5.455946464192744 0.0007092876571140284
5.45646345835932 0.0006922414346284208
5.468530209661054 0.0006737440698317647
5.430035629860255 0.0006587286044905368
5.486262767186616 0.0012386999845422195
5.47930130148011 0.0011972248279787199
5.47982050870261 0.0011684520718503308
5.480339765124109 0.0011403708078092047
5.480859070749269 0.0011129644173115867
5.4813784255827525 0.001086216681205122
5.481897829629222 0.001060111770130342
5.482417282893342 0.0010346342351528108
5.482936785379776 0.0010097689986204262
5.466207609943324 0.0009843050155967582
5.466725576434782 0.0009606493349694774
5.467243592007669 0.0009375621683872059
5.467761656666638 0.0009150298528222556
5.468279770416338 0.0008930390536087945
5.468797933261423 0.0008715767565513606
5.469316145206543 0.0008506302602230448
5.469834406256341 0.0008301871684487562
5.470352716415492 0.0008102353829691456
5.470871075688638 0.0007907630962808365
5.51973181741867 0.0013740330135087163
5.494326241896066 0.0013324783723554679
5.494846872850745 0.001300455084533358
5.477951592919476 0.0012753935752778363
5.545065339876297 0.001429371257578979
5.5882234886681585 0.0014798475374030273
5.649611281340935 0.0015254362631209432
5.743637908583536 0.0014873149133204776
5.746755374823547 0.001441482738036981
5.777567030757663 0.0014091192886496043
5.7963639333267185 0.0013759210886657002
5.824639519658282 0.0013296045078747926
5.888081328186773 0.0012826050071480734
5.896754003217105 0.0012599261320731655
6.02485428633237 0.0013722998749978138
6.0132923180169815 0.001327239462524001
6.065745814939088 0.0014298009112423608
6.002538798467374 0.0012925104754882373
6.094609258124472 0.0014901659431211319
6.176948912302969 0.0015300369770156928
6.23134841584927 0.0014519794860627247
6.251830968781041 0.001405637541902146
6.239324478717279 0.0013696345206461393
6.2729752060229504 0.0013280713361950465
6.273698417286606 0.0012893402760203276
6.294103484080461 0.0012592703118800635
6.294699900267176 0.0012290064243155052
6.2952963729690525 0.0011994698650154806
6.324606575855274 0.0011578551916747492
6.33747845460159 0.0010914313840611166
6.338078980910515 0.0010652011486779423
6.368212442654409 0.001002696498238457
6.381152337918224 0.0009459624791241963
6.436383661292812 0.0008976818349163208
6.460994781920337 0.0008288816692671225
6.596648207077013 0.000926136485480709
6.631100263948517 0.0010035467689690257
6.676059903737094 0.0010474706194730469
6.713893550611946 0.0010910192083343202
6.754649488719653 0.0011326435380160534
6.791100982456959 0.0011740189138780474
6.833496544364355 0.0012005860307248758
6.91014662087029 0.001101287825006907
6.924172703457605 0.0010395532295928976
6.924828823696238 0.001014569775475884
6.925485006107464 0.00099018674561984
6.94908318433599 0.0009294967619219014
6.9717575907027305 0.0009053930727677393
6.9724182199865465 0.0008836338730967288
7.004823819685054 0.0007913021952245887
7.010157822879806 0.0007449142839501603
7.283401293945973 0.0010145429670776764
7.443755267934925 0.0008385094700356199
7.561396475237649 0.0011258466288081176
7.624271682846845 0.0013593753178634195
7.666313678453569 0.0015350564448430304
7.711836796301312 0.001585978991859212
7.742074784407651 0.0009965728460460451
7.910827852190596 0.001956595245810104
7.93560264364813 0.0008767226154255326
7.998182740665724 0.0013257506717645664
8.000456629725113 0.0013257506717645664